01110100101101101101100111110100
10001111000000100001011010010101
01001010101101111010110100100000
00010010010000001000010010011001
01101111100011001110111110101010
10110000101010000111101110111001
00111110111011011011001100000001
10011111011000010000101010111000
10111110100100100111000011100110
10000101111110100101010000000110
00011001101010101001011001001100
00001110111100001111110010100011
10100010110001111111111000111110
00101100010100111000001101110000
01001010100110010000000101011111
01011101001010011111110111111111
10010111010101010101000010000111
00100011110110110010110001001001
10101000011010010000011111100010
11001000111110110100111101100100
00110100010111101101100010011111
00011000001001001100111101111010
11010000010100010000101110011000
11000000000011101110101011111001
00010011111000010001010011010100
01000001010010101100101111010111
01010000100100110001110111010001
11000011110000111011101000011001
00101011000111000111000100101000
01001011101111011111000111011011
01100110001111000001100011110000
00100000010000101101111010100110
10101011101010011000101100100111
01010101100100001011110111101001
01011100101000011010000111101100
10001001101010001111000100110111
10001010101100110001111011001100
00010001101001100010011111011111
00101100110011001001011011110010
10010011100000011110001010000101
01000110101101111101001101111011
11111100010101111001010110100000
00011001001011010100111110111001
00001101100010100000010111100011
01011001000110010011110111001101
00101001111001001100011100011010
00010100101101010000001111110101
11110001011100101011000101001110
10100101001011010100111110000100
10101011101101101100110101000001
11110011010100111110101001000110
10100101001010100111100011111000
00010010000110011111101010011010
00101110010011010001011011100111
00010000011110001100010110011010
00101010011001001010011110010000
10111011010100000000111100111111
01110011100111100111011000001111
00000010011010100000100111000000
01000010101110100011011101111100
11001111011101111010100100010110
10101000101010111110011000100111
01011110011001110110010001110100
00100010100011101011011111100001
00111010110111110101110000000110
11010100000101000111111100101000
01010010011000100011000100101100
00100000110111010011101000010101
00011111000101110100111110000111
10010011100110101100011110110110
11001001100110001001100101011111
10011000111111001000010110011111
10101011001111001000011011101010
01111000110001001011000010101111
01110001011001101111011010010011
00011010110111111110101100010111
00101010111100010111010100100110
10011110010001101101111110110010
00010110101011000100000000010110
11011000101000110011000101100001
10000111111001110010010001010111
01001011011001100100000110000111
10011000101011100100001101001000
00111000111000010010011101100111
01011100111010100000000111110110
10101111001111011001101000100010
11110111101100001010100010001110
00101010011100101100000011001111
01010111000111010001011100011001
01101100111100001100000011011100
01101111000010000100001110001101
10000100011110111111001101011100
00000011000011111011011011100101
00010011000011001010001100101010
11101001100000010110110111000000
01101110000110000111001000010000
10111110111010010011110110001100
00111011111001111110011001001100
10111111101101111110111000110100
11001001010100000010110011010001
10001000000101110000111000100101
10101110101000101010111100001110
10010010101010010011000000110000
11000000100100111000000111101100
01000101001000100010000000110010
01010011101010011101010110000001
00001100010010100010011111110010
10010100100011110001001100110011
00110100000001110011011001000101
11101110011100000000110011011011
00101010100111101110001010100100
10101001010111011110100110110011
01111111101100000101100110011001
00000001000100011011101010101101
11001011111101010000010000001111
01001001000001001110111010101000
10001011001100011010001000011111
11101001101100011111100001111000
11001110110101011011000010111000
01000110011101000000000101001110
00011000000011100001000100101110
10011011001101110101010001111111
10101011101000101101110010001100
00101110100101000010101000001101
11111001111001110010101010101101
10011100011000001100100001101010
01011001000111001101011101110111
01011111010011101111011101111111
10111010111110111011011010000110
01111110011000100000001011000110
01101011100111011100101000111011
00001000111100010101001101101110
11011001100010011010001100110000
11111110010100000100001010100111
00000000011000110101011011001101
01110010110111100110000000010010
10001100000010011001010011110100
01100100101000110111110001001111
10011101001010110001101011000011
11010111000001100001000111100000
00111001101100000101010110010111
01100001011101100010110010010000
01110011011001111011010110010010
01010111000111111111000111110001
01101101011111011111001100111001
01000100010110111110000010101101
00101100111111010011111111110110
10101110111001000100100101100000
01111110001000100100011010111000
11101011110011100011100111010011
00010101111100100011110000011100
11111011011100111111111001010011
11000111010010011100100110010110
00000001010001100001000111000000
00100101111000010111110000101000
01001000111010010111001000100100
00010111110101011111111111101011
00011011000001000011010000101100
11001111000011110001110011101001
10000001111010010000010100001011
01011110011110110001011001111101
10001010011010001010101101001100
10101111110010010110001011000001
10010101010011010010111001100010
00100101111111000111000111100101
10100011001110111111111001110111
01011111011010000011000011001010
00110001000001000111110011001001
00001101011100110011111110001010
00101101011110000010111100011001
01010110101000000111010100001011
00011001010100011101100011000111
11110101110111000111000111001111
01001010111111001011000011011001
00001110000001000100100011110111
00110110000011000001101111000111
00000110101001110111000101011001
11010000111001010111100000101000
01011001010111001001100010101001
01000111110100110011011101100100
10101101001101101000101100101010
01111100001110010110111101101001
00111100010010100011001000111101
00011101101111111110101000001000
10010011111010101010100010010000
01100101000100010010101111111000
01110010011110000000011101011110
10110000100101101000011111011101
11010010111010000101001001101101
10101000010101001000101111100001
10110010000110000100111100001110
11101010100101100010000010011011
01100101011000101101010010110011
01111000011010010010100111111100
11000111100000000101001100110110
00001001010011011001010000111101
00000010111111110100001101111110
00110000011100101010110001011111
00100110001001111000101001110100
11100110010011111101011001001000
10101111101010010101110000101110
01011101100110000011000101101100
01011111000110111101011001101000
01000111000010010001110011001101
10111110010011010111111001010101
11101010100010010010011000001101
01011110001001111011111000000101
01001100011000111101110100010101
00101111000010010011110100111111
10111001000100111110010010101100
11011110011011010111101110010010
10111001110111001001100011100001
01001010111010011101000111111101
01100110100111001000001001010100
01000110001010101011000110101110
01010000001010001100000001011001
11000010111010010100001001110011
01101100100010110010100001011011
00001001101010111100011111110000
10100101110010000000011111110011
10010011010001100111111010111010
10010101010100011010011111101111
10001011000101001100010010110101
10100001111110000111111000100111
00010011001000000100101110010000
10000101101101101110111011111111
11001100001100010001010110110000
01100001011011110111111100101000
01101110000010011111111111101011
11101111000000000101100001100000
01101100000101111110010001110111
01110000100000110000011011101010
01010111011100010111110111011110
00111110111011111011000011100010
01000100010100100000001000101011
00010010001101000011000100110101
01011000101010111001010000010011
00011111110110110011001111110110
01001001100111110101001001110110
11100110011110011000101101110000
11111111010110110001000100111110
01011011101001110001110110010010
01100010101110011100011100001111
10000101100010001011001000010000
00110110101011010000011011111101
10100000001001110011100111110110
10100100101100000001100110000000
10101000000010001101011011010010
00010110101101001111001111001001
11010000101001110110111010111101
11010111010001010001100101100110
10011011100010010111100001111010
10111010000100110011010011010010
10101000111110000011010011111101
10100101111100001100001110010101
10100001000110110110111110001011
00100011110000100110010111100010
11011111101100110010100110011011
00001101110011110011000011110001
11100100100001001000011100000110
01110100100101001100100101001100
01110101010111010100001100001101
00011100101100101001111001011101
00011101111010001111010111110011
11111101111101110010011101110000
11110100100001010111011000010011
01000110100010101001110010010111
10001111001100111111101111000101
01011111000100100001100100111111
00010000101001001010011101110100
01010111111011100111011000110000
00101000111000101100000011100011
11011010101110010001101010101110
01011110010010011110101100010100
01001100000101111011001010001111
00011001101110111100010010111001
01000100010100100001111101100000
11010111101101100110011100101110
00101101010100101011011101100011
01111100011010110011010111001011
00100010011000011110011010010001
10001101001000000111000000010011
10001011101001001100000100101101
10010100110001011100101110101110
11010100111010111111101000011011
11011110100111011001111010101000
10110101111001111101001001010010
11001010011101001001001011100001
11100110100100111111111110001000
01001011000111001011100101001110
01100110000100010110101100111001
11111010100000011001110010001110
10011000001111000111010001100100
01001000111010001000111100001100
01001000000100100110111000010001
11011111101101010000110101011000
01010011101010011011010001100010
00011010011101000110001001110000
01110101000010110010000100101110
11010111110011010000011011100110
00000110000111001110010111100001
01110000110000000000110101011001
00110001010110111000101010111100
10011110001010100000011011000000
00001110011110100010010100100010
01001000100110111111000010111010
01111010101011100101000011100100
01111001100101100110111100000111
10011010010100100000011100100100
00010101100111000110100111100100
01011110010000000011110001000010
11110011111100001001111101010001
01100011001011111010111001011001
01000011111101111111010000010011
10010011001000101000111001110101
10100110001010101111101010111011
00001110101010100101101000011101
01110100111100100000101010001001
10011011010001011010010111001010
01101001010101110000001010110011
01010100011000001101110100100100
01100000101000001011001111111011
01101100111110010011100011100100
01010111101100011011010000001011
11111011110111011000101100011010
10000010010100001111111101101010
01110100011110011011010110000101
00000111001100011100001010001110
00001000001001001000001011100011
00110101101101101111100000111111
10110101001101010101000100010101
00110111111001111111100001010011
10011110110101000110010101001110
00010101101111001011010100001100
01111011101110110011101011011100
11110010111010111101000110100101
11001101111011001000000011011100
10001111110100010111111101010110
00011011010100000000110100001000
10001101111111010010101011111101
11111001010100010000010101011101
10011100011010011011000110001011
10100000100001110000011110110000
10110001011111000111110010011101
10001101101110100010001100001000
10110101010110101100111000100010
11111011111011100110011111010111
10101110001100001001101010111001
01111111111110000011011111010110
10111000101101101100000100011100
10101101000000010101100001100100
11100000110010111000001111110101
01011111110101010111011100110111
10011001101110000000101111001010
00010001010001000011101010001001
11001101011000000011111010010101
11000000001100000001100010000011
00000000110110001100110001000000
11000010010100000000000000011011
00011000011110011011110010000010
01010000100110110010100001011111
01010001100001100100011100111010
11110100100000010101001111000010
10010001000101101010100110100110
01110101001000100010111110110111
01000001101001010110111100101101
10101110101000001001111001010010
11111100111010111000100111111011
10100000011000000100000010110111
01000110011101000001001100001001
01011001010000111010001001001010
11000000110101100010000111001011
10111011110111010101101000010111
00010101101101111100010111111100
10010011000111100111110000001110
00010000000110111010001100101100
01010111111101000000011110100100
00010110100010011011111010110101
11010000110100101110111100000110
01011000110001011111110110101111
00100000111101111100111010011010
00010110110110111000110100010000
10111111010110001001010010000000
11011011000110100000001010010101
00000100000100000000001100011101
00111001010000011010000010001000
01011010011001100110001110000110
01110101001000110111011101111111
01011110011001101100000001101011
00111111100110010111000001011011
11010111000001100101011001110010
00100101110101111100010110110001
00111111110101000001011100011100
00000001100100110010011001100100
11101010010111110100110111001100
11001000000101111100010011011100
01010110111101001111110011110100
00000110011110100011001100001010
00101010100111110011101000101111
10000110011011000011110001010101
00111000010010101001011010011100
11111111010111111110111101011100
10101011000000110101000001011000
01110010000110111011000001101001
01111110110000101010011011000100
10100011110000111101101111111101
10100110001111010011110001110101
01011001011100101110111001110010
10010100101101101001110011000110
10011101011000010111010010101110
01111000000011110110110110101101
10111001101001100110110110011111
00010101101100000110010111100001
11000110001100101110110101010101
01110111000111010001111000011110
00010101010100100000000111100110
00011100101101110101110011000011
11110111000111111001111000000011
11100000001100001000111001001100
10011101111101100111010001101011
11110110100000111000001110011110
00001111010011010011101101101111
01000011111010111010001010001011
10110001011100110101001000001011
00010010001111111110100001001100
11101010100100100101000111011010
01100110100110111111000001101010
10000010010011110010110000101110
10000000100000011110000111111111
11011101011011011011000110001010
11011111011110000101101110011000
01001000111110011110111000100010
10001010011110110000011000000100
01111111001000010100011000011000
01010011011001010100100100011011
10000011100001101011001010100010
10110110110100110110000001111011
11100101110111100111100110100101
00001000101100010100100101111110
11100111101010001110011001010001
11100110110101001100100001000000
01110000010100011100100000011001
01111110000111101100100011101111
11001110011001010010011000101100
11111101100110001000101101100100
10100001111011111001101010100011
01011000000110011011111011111110
00001110010101000111001001011100
11011101110101001100111100100100
11100001111000100001001001010011
10111000001001001100000111011110
01010101100011110101001000000000
11010100000001111010010100101110
01101000001011100110101011001011
01111111010000111110111110000101
00000111110100110000110110010100
00011001010010011000001110001100
11111001111111010000110010000010
01001111111100000111001110010001
11110110111110110101111000110100
01101011010101111100011111011110
10010111111111011100101110111010
01111110110111010011000101111110
01011011110100110010110101111001
00001110010000000001010011110011
10010010100101001100001101011111
01011111111100101110100101000100
10001111111111001011100110011101
01110111001100010101111011111101
00010010010110111001001111100110
11111110000111001110110110011001
10100101100101100101110101001101
00011010000111101110011011001100
01010001100111110001001110101111
00000110100011001101000000010111
00101110001110001110011111111101
00000000001110110011000100111110
01100000001110010010110101011000
11000010100110001010111000000111
00110010000110011110001110100001
10110111001000000000100000001001
11010011100000011100000010111000
11000110011111000101000000101010
01000100100100010100001001010010
10000010100000101111001110100000
10000100110000100011111111111001
00111010011000000101101110111100
10101100000101011001111010000011
10110000000110101011101111110110
01100100000011010000001001101000
11011100001111100001000000011111
00000110100011011110001101110000
11001100000011111000001010101001
01111101110101110000000010110001
11000011010100100110010000011000
11110110110010111000100111100100
11010011100101011101001110100111
01100001111100100110000100010000
00111110101001111110011000010010
01110010111000111100001010100000
10010011001000001011101011000011
11010000100000110100100110010101
00011001100010100010000111010011
01000110110000110011101001100100
01110110000000001001101001100000
01110101000111100101001111010101
00100111101101111000011100110011
11100000110010110011110001001001
01110111110000010100000000011101
00101001101001101010101101001010
00010011110000101000100001100101
00001010101110110011100110101100
01110100000100011011011000011010
01101001011001011100101001110001
00011010001010111000010010000000
01110100110110010011011110001001
11101001011001101110111001000111
01111100000110001111101011000101
01100100000001000000010001100100
00111010000100110110110001010000
11011010000011000010111111101011
10101000000111101000111001000101
10111110000010111111011111101110
00100011001011011100000110101110
00101110110100011100100010011010
01111101110010000100101010001001
01010010100011100001100001001010
01000110001000000100001100010000
01111000000110111000110010110110
10000110010100010111000011011010
00001000110111101101100000111101
00001001101010110110101110100000
10010000101110000010001110111111
10111101000111001010001001011000
00110010011110011011011101111010
01111101011100101000100011100010
00100010100100001001001110111010
11010100001100111000100110101101
11000111011100000000001100001100
10000100100110100101100101001100
00000101000111110100011001110010
00011101110100001001011000101101
11111110110101111101111110100000
11111110010010010101010110100010
00101010111011010010111000010011
00110000000001001000101000011101
11010011100110000110100010000010
00101011001001001111000100010011
00110111111000000100010111011011
00100100111100110001101100101111
00101110000100111110101101111110
10001101000110101100000011101001
01000010011110000000000001010110
10101110011100001010001000101001
00110001101001100001100110000111
11100100010010011000000010111000
01101011110110111111110110101100
00010010000100111101110000000110
00100000010001010100100001011110
11111110100011111011101010000010
11011001110000100000010011011001
10010101100100111100010101101100
01001001001000000010010010101010
01111010001010000100010011101010
01101100010111011001011101110111
01001001111010001000110101101100
01101101101011111111100110100111
11101011101011111011100110001111
01011011110111100111100101100110
10011111000101011110001111011011
10001111001110101100001010001111
11110110011100100110011011001011
01101100111011010110110000010110
11101001101001010011110001110110
10000011111110101100110001101011
01001000001111000100010010101110
11111001001101100001000001001000
00000111011011110011001101100100
10010101110001111010100111011110
00101000100100001001001111010110
01001110001000101100100000001110
11101111001100011111100000000110
11101100101001100111010000100111
10100101010001111111100000000100
11101101011111001000101011100100
01111011111011101111011101110111
00010011000011111100111011100110
11101001000001000001000000011100
01011001101111001101001000101100
00110011011010101111110010001001
00110110010111100101101101101001
11110111000101100000000111110100
01000000100011001001001011110010
00110110001110000100101110010101
00100010100000011011011111001101
11010001000000100101110010000110
11111001011100001000101011111101
01110000111000110011100010101110
11000101111001010011110111101110
10100000011000010010111001111111
00010001100000101000101110001001
10000111111101100000001100010101
00000000111110101101010110010100
01111011100010101101111000001000
00010000000111101110010100010010
01101111001011111011111011100110
11101000111000100000011110110110
10010100010111001110010011011010
11011100100111011010001110101001
10000010010001100100111101000100
01111010010000000110000000100101
10000001101101000011101111000010
01101010001101001010011101101001
10010100111111001011101100111110
00101110101010100110010101000011
01011000010100110010101101111010
11001000001101101111001001010110
01110110100110010010011011101111
10100100000110011001011011101011
00000101111000110000010101111011
11111111110010100110110000110101
10111011000111010001011010010100
10011111111000010011101111000000
00101110011100111101001101000011
10110000101010110001010100000101
01000110111011011100000001101001
10010000000011010110000101110001
00010010001000011010101001001010
11011110111111000010010111000010
11001001011100111001001100100101
11100000100000010001000110011011
11001010111000110101101101001100
00111100011000101010010001010010
11111110011000000001010101000100
00001011100000011101010001000100
00010110000101100101111101001111
11011001000110101001001000001101
00011110101011001011000011001011
00101100100010111011110001011101
00000110011110011110110011100110
01111000000100011011111111100101
10001111111100100101111111110001
11110010101111101011010100011000
00000001001101010001111000000100
01001100110001100110011101101010
00011110111100100101111010110010
01000011000101000001111001111100
10010100100000111100100011100010
00010111111101010110110110001100
01001000001101010110000110011110
11011010000110101001100000110110
00100001101101101000100000101100
10110000001011101111100000011111
00100010110000101010111011011001
10101010001110110100011111111001
11010100111000100101111001011101
10101101000001111001111000001001
11100011111101111011001001101111
01111111010111011010111001110000
10100101010101100011111011110001
10001011101000101010101011000110
01110001100100011010111101001000
01000011011011100011101100100100
00011000100011100101011000011100
11111100110010100011001111000100
00111000000110110000010000011101
10100000111001100011100100111110
10001101001101111001000010000011
10101110001111010100100111011000
10111100000011100011100001110110
10101001101001000110000010110010
00010010000001110100010110000011
00010000010011011110111110011000
10101101110110001101010111011001
01110000110100000110111110101111
00000001011001000101100011100001
10101110101010010000001000001010
01001010100000000010010110010100
00111100101100011011101010100001
10100011000010110000110011010010
00101011110100000110100000100001
01001000110001101000111101101001
01001010001000011010110000011101
10111100010100001001011010110011
11010110000110001001100000000110
01001111100101101111001100000110
11110000101000000110101111011011
11101011100000010100111001111000
11010011101101101110010110001100
00101111111101011011000011000011
01101111000000001100001000010011
01111010110010101101100001111101
11001001111001110000001110000100
10010100101010011011001010101001
01001101011101101110110110100000
00000000100000001100110110000100
00000000111101101000111001111101
01110011101010111110010001101100
00110010011111010110000010111011
10000110011101011111111101111100
11011101000110111101100100100100
00111001101111100001001001000011
00101001000111110111100010011101
01011110011111111000000111010001
11110101010011111100101010111110
01011111101000111010110101101111
10001011011110111011011010111001
10111001000010000001111110101000
10010100011010010111100000000000
11100000101111100001110001001000
11100000000100100111001001011111
11001100010000000101111111001010
00011011000011111100010101110101
10011001110111001000010100101100
11100010000010110110100101010111
01111101100111010010010100001001
00010011000011010000000110100010
10010000110110010101101000000110
00110101110011101110010001101010
01011101011110011100111001011111
10011101000011110111101010011011
01000110100000000000010110100001
10101110010001100101100100000101
10001110111010100000110011110010
00111101011100001010011010101010
00000000100001110100100001000011
01100010010000011110111010111001
00110101010010110010101100001000
00111110010101100000010101110110
10010111111111011100000111000100
11100011001000100100010110101001
10101000101111101000110010011000
01001011100011001111001100000110
11010000100101010110000100110111
10101101111101100000110011101100
00000100001111110100111100001111
11010001000001011111110010101101
01010111001110011000000110100001
10001000010010001111001100101111
11101001001011011001101101011000
01111100000110110110001000101101
01001001011101011011001010110110
00000000100000010110010110111110
01000111001110110110111100111100
00011111100100111110001010111011
11011111111101001010011001100010
10001110111101100010001111100011
00001011101110011110000110010010
01110001101100111111111010001011
10110101101000101111100100100010
01111101001000010110011101000101
01011111001001010111011100110100
11100101111011111101101011101010
00101110111000110111111011010010
11101111011111111010110110000111
00000001100001100010100100011010
11011010111100110011001100111101
10111110110010011010101101010110
11100100110101010000110110110001
01101000011111000100011111100100
10110111110010111111100110001011
11010001110011000100011111101111
01010000010111000111001101001111
00110100100100011111111000010000
10101011111011010110101110110011
00110100111000001000111100000101
10110111101011101111111000100111
11111001000101000111010011101110
01111001000001101100000001100110
01011001011101011011110111011010
01001111000011100011110100011001
00000111010110011001110111001100
01111101100000010100101100100010
00000001001010101001110100010111
01000001010100001111100110111001
11100000011010000110001000111100
00000010111110110010111111011010
11011101100100111110101101101011
01001110101011100101110100000110
00010111101010100000001010001111
01100000010010100100011101000101
11100110111010101111100111100010
10100100001100011100101110010111
01010010100001100000011110111111
10000110110101110110011110001100
11001101011001010010101000111110
00101100111100101101000000011000
00100000000001100101111000111100
10000100110000100101011001000110
10001110010111000001110101110111
01001111011001101110101000011011
10111111110001001001001011001101
10011010011110010001110110110100
01111101101000100100000000010101
00001011010001110101010110111111
00010101100100001010100011000000
11110000011101110101010010111001
01100110111100001110001001010011
11111011111101010001100010111111
00000001010010111011010001101011
00001111111001001000011001101011
01010111101011011010101100111111
01001010011101010100010111110000
10001011101110101111001100000111
10010111111101110010101011100010
11010100011110000101101000010100
01010100000100011100100101111001
11111010000101001011111001110010
01011001111001110100110110101110
00100101101111100010110001100001
00000011011000100001110011100110
01100110010001010011000000000000
10110100100011001010100011000011
00111010100001111100001001000101
00111100101010010000101010011001
01010100111111010001011010101000
10101000100010101101111100100011
10101001010001110111001111000111
01110011011110001001011010110101
11100111110110110101000011111100
10000001011110100100100010110011
01110110110000011110100010010100
10011111010110011100100000000101
10000000101011000101000010010011
10101101010101110010011011000101
01000101001100111000111111110000
11010010101101011101010001110110
00101000000011010010111000110001
00110001010011000110110111000101
10101001110100100100001101010010
10111010111110110001001010101001
01110110101000010101110011110001
01010001011000110100110000100100
10011010101101100010000101101101
10000000100010111001010010100111
00010110101110011011100000011101
00101111010111101001000110100000
11101110010011010000110011101101
00000000000011100111011001011010
01010101011111001010000010000100
01011101001111010010011001011011
11101101110000100110001001011100
10011100110101111001001101110010
01010110010100101011110010000110
00001111011101111001111111101110
00110001101100100010010000011110
10011110111010101001000111110010
00010001010001111111100010110011
01100111010011000101011110111010
10011010011100100011110110000110
10111110011010101000011111111101
10000100101110001011000101100101
11100011111111001010101011001111
01001110111001111110111111100000
11010010011010011100000001101101
10111111110001010000000010000010
00000001111010100001000110100110
01001111011001101100010001000011
10011111010011011111010101000111
11100011001001011100001010100000
10110110110000010101011100000100
00011011101000110110011110101001
01010011011111101000001101101001
00000011100000111111000000111011
00110010110001001010111100111100
10010001101111011010111111111101
01100010000010110101010010010001
00110110110100001101001000010000
11111110101110100010100101101010
00111000111100011001001110101001
10110001110101001010000101011010
01000001100101101010110101011010
11100111100111010011100011001001
00000011100110110110000101011111
11100001110010111001110000110101
01010011010010101001110110101001
01111101100111000100010010000100
11010101001111101001010001001000
00000011011100011101101000110100
11000000100001100101011110010000
01001110001110101110001101101111
00101010010000011101111000110100
11110011001011111010000011010010
00001101111110000101001101111110
00010100110010111011100110110101
11001010111000011110100100010001
11110011101010011001101110110100
00001010100011000101001111111010
01100100100011101111010010110001
01011011101010101001001000000010
00101010100101011010010110011000
11010001111001101101101001001100
10001001111011000011001100010101
11101101100001101111111111001010
11010101111101100001001010011101
01101100010110111101101000001100
00110001100010001101111111100000
10100111001111010100010011100000
11101111001000110011011111011011
01101101111101010100101110011100
01011000111100100000000010110011
10001100111001110001101101101100
01010001010101000010001100011100
11000110100000100011000000011000
01100100000000100100111000111110
10101000100111111001101000000110
11100110111100101100101011000001
00001101011101111000111101111010
01010010101100100010100000001100
11000100110010101000110101111110
10111111001100100100001001011110
01000000111000011010010111110101
10000111011110111100010001100001
10101010010101111110110011001000
10100010011100001100011100110001
11111101011111101111011111001010
11000110011010011101000000010010
10111110001010010101110100000110
10101010111111100011111110111010
01110011101001001001001000000000
01001100110111001100110000101111
10101110000000011111110000000000
00001000101100111001110001001001
01001111110001001000010001011111
00000011100011110110111111100000
01101000000011111101100011001001
01011100010101000100110101010011
00110100000101011110110001010001
10100101111000100101000100100110
01010000000100001011000110110111
11111000001101000110111110001000
11111001101101000011001010011100
00110101000011010101000001100011
01010101110011000000011011011001
00110000110011011011000110101100
11100011010101100100011010100001
00101111001101011100010010100011
11101010101110110011000100110100
00101011100010101010101100000010
10110111111101000001101000010001
11110110101000110001101001100010
00000110101110000011000011110010
11110010011110110101111000001101
01101001101100110110111011110001
10000011011110100010100100010010
10010010110010110111001001111111
00100110100010111011001011111001
11101100100111001011101000000001
01001101100100010101010110101101
10001000000110110001000001110010
01101101000110011111111010101111
01110000010101001011010100010110
01010101101100001010101101101100
10111001111101010110101000011010
00100010111100010110110111010100
10100110101011001011011110010000
01111100110101010100001110010101
01011111101110100000111101000110
01111011111011101100110001011011
10011001110010101011001110000110
10001001101110111110100101110110
10000010100101000011111101001001
00111000110001010111011011011011
11101101010000101100101101010010
11010110000101010000110100000101
00110100010011111110010110010001
10100100001010100000001100111110
00101110111000011010010000001010
10011011000000000100010011111111
00011001111110100001001011010101
01011010100101101110010001100010
01111100010101000011101001001110
01011100111111011111101110110100
00010000100010010100110111100110
00111100101100101001011011111001
00111001000110100000110110111011
00100111101101010110100100010010
01101000011110111010101110111101
10100101110110110101000101100001
00101010110000110100100000101111
10011000001000001101100101010100
10001001100111111110001010000100
01001010001100011000110011000011
10100011101100110101010111000001
00011000010000100100111010101000
01100011010101011100101100010110
11010111111010001001100001000110
01010110001011100010111010010010
11000011011110110101100110100000
00110110111000101011011000100000
11101111100000000111101011110110
10001101001101001110011111110100
01000001011111010011101010001001
00110111011011000111100011000000
10001011111010000000101010111001
00000111110011110000010101101100
11110011010110111101010110010010
10010000100100010101110000011000
11100101110010011011010100011000
00110001010101011101111011010010
