00011110001001000001101010010111
11100010101001100100111100111101
01101011100011100001000010010011
10011111101000001111110010111110
01000100110100000001100101001110
01101101000110110111100011010100
00010100000010000110011011100011
11010010000000111001100111110101
00110010011101011000010111101011
01101011101001110011010010111111
00011011101001100000100110100111
10101101101100000001100101101010
00010000010111000101000001010111
10010111010100011110001000101010
01110111110000100100011111111011
01111101000011010010110101000111
01011011100001100001111000010000
11001000000010100100010010100011
10000101000100101101111111110011
10101001000001111011000110101010
00101000110000001111110001100000
10001100010010010111001001010111
10010100111111100110011010001001
11110011101111100101010010101100
11100000010100110010011000010000
11010010111111111001011010111110
11100110100100001100111111010011
01110011010101001101000101000100
11100011111000001000011111011101
01000010010001111010010001100100
11011100100111010011000010000010
10111011101000001101101010000110
01101000011101011010010001110110
11001100101001111000100000010100
01100111101111100000111101100001
10000110101100011010001001011010
11101001110110111101101101111011
10010111110111110010101001100001
11111100110001000001111111101100
10100110110001011000100101101011
10110010100010001111110110010010
01101101100100000001101001101000
10010000001011001000110010000000
10001011010011011001110011000111
11101110010110111011000011011110
01001101011101000111111010010001
11001101110111000011000010001011
01101000110111100011101000111011
10001101111110010000001010111001
11011001101111011100000010010110
10100000110011100000010011110111
10100000101101101110100101000100
00100000110000001000011011010100
10010110001110101010010000101111
11001011110101110111111100000011
01101100000001100011011011001101
01011111011000010111011010101011
00010000101100111011100001100111
01001111000100101111110010111011
00111001010010001100000001011010
01111001000001000101111011010001
10010101001000111001001000010111
11010010001110111100011010100111
01100101101110011001001111001011
01001111110100001001010001100011
01000000001010111001110110110110
01000100110110100110101110010011
00001010101110000010101001001101
10001100011000011000011001011110
11101111101001000110000111010101
10111110011100101001110100110010
01100011000011000010001000011011
10001001111110011000110101100101
11100011100001001100101001001011
10001110000010011000001010111001
11000111111001111000101101000000
01000100101110111011101011010001
11001100010000100010001000001010
11110000101001110011111010011100
10011111010000010110111000000111
11011101000101000111111010000110
11110111011010010011000111110111
01000111001000001100111000110010
11110010101110000010101001101110
00111001111110011101110011100111
00110011001001101110100110001011
11001001110011001000110101111100
01100000100000100010110011111011
01011111000101010101110010111111
10010101010000000111000011100110
10010001000001100001011110101100
00110000110010100000111011010100
01011110101001001011110001111110
10001000110010011000101000010110
00100100101010100000011010110101
11100010010110110000110000100110
11001010101101110110111101100011
11010111111000110111101111111001
01001100111101000101101011101110
00000000010010001000011111000011
11010110111011011011100111011010
01110010011111111011001100110110
01101110100100000001110001000110
10100001100011000001000111011001
01010001100010111000101010001000
10111000110100010101011000100110
01001001111111001100010100001101
00101110101101100101101101000000
00100101110011100110110010111010
11001011111101000110111111000010
01010110111101011001101101011001
10100000001011101001111010101100
01110110010100010100110100000000
01101000000010000101111110001101
00110011001111101010100100101100
11101000110001000101000100111011
11101110011001000010110011100001
01000001100010111000111101101001
00110010010101000110010001000100
11010001000010000010010000111011
01111010110010111001110100010001
00111110101000100110011101111011
11110111010111111111011000000000
11000010010110100110100010110001
01101000110010011100001100000001
10111111100001010111000011000010
01001001101001010000111111000010
10110100100011000111001011011000
10001101111010111011110110101000
01011100110000110101111110010000
01000011010011110010001010111100
00100000001010111111111000010110
11001000010101001001010010010001
11010111010101000000100111001101
11001110100100101101111100101101
11010100111010000011100111010100
11111011001011101010001100001010
11110100000110000010100110010001
00110110001010001001001100100001
10001111001011111011100011011100
01100100010000111100010110000001
01010011011011000001000100010000
00000101101010111101010010010011
11010000100111001000001001000001
01111101110110011100001101100000
00001110001101011100110000111101
01011011100111010100111000011011
11101110001011011101011001111000
01111000000110101000010111000001
01010000101110000010111001000010
00001100101100011110100110010011
11011011001011111110111110111110
11001000010010000001111111111001
01010111011010101100001000110111
01010011110001110001100011111001
00011010001011100101110101010001
00100000001010111101010111110111
11111110010000111000110100100101
01111110110010110001000011110001
10100111101011101100001000010101
11011101011011111100110001101100
00110100101111100011100001110011
10100010111100011000000011000011
01110000001011001010010101001001
11000100100001111101011101100011
01011011001100010010100010100111
11111000011101101111110110111100
01001111000000011010001011101110
00001111000000110100011100101101
00111110010111010010011101011100
11111110110110010000011100100000
10100110101111110101011110001010
00110101100111110010000001111111
00010110001000100001111100111010
01001100001110000010011110110001
01100110101101000011000010000100
11001100110111111011000010101000
11111100111001010100110100010001
10010101011111110001101111100111
01011111101001101110100011100100
00100000001000001110101011000101
00001101000101100011001100111101
00010111110100001100011100100101
00100001001101101001010111111000
01101111100011111110011000111100
00111110001100001100111111001010
10010000101000010010001000011100
01101010111110111000001111111011
10110001010100101011000111010000
01001111101010110110010111101011
00100100111011110110110101101111
11110010100101100110010011111110
10010100000000001101011011111001
01011000000000000101110110000110
11101001000111011101000110001011
10000111110000110101101100011111
01000010001111010110100010010101
00001010100101110001111101010100
11000101011100001000111001111011
00100001111011001011000010001000
00011111110101011001000010100111
10111010000000000111010001000101
10001000110100001111110100000011
01110110110100011110110101100011
00101001111001101100010001000111
00000000010010001101110110100010
10001111100000000101011011101001
11101110000111101000111001000011
01010001100010100010100111001111
11111010000111100011000010101111
00011100010010000011101000000010
11100100000100100011111100101110
01111100110100001111000101101001
01111000010000000010000010101110
11000011110001101100001001010001
01101111010000011001001111001100
01011000101110000110000000110001
00010010111101000111010111000101
11000001001110110001011000100110
11000110110011111101001110101101
11011001011010111101010010100110
00001111110110001000000101110000
00011011000011110011001111001111
10111100011000101110010111111001
10101100100001100101101110011000
11110110101110010111000010010001
01100100101000001001000111011010
11111001000100110101101100100110
10100011010010100111010000100100
01101001110111000111010100000111
10110111110111111111100001001110
10101101011110001101100011110010
01100110111001110011111110010111
00110011100000110010101110010010
10100010110011101000110100001010
10011011011011000101011110111100
01000100001111000110111110001110
10100010111111000101011010000100
01011101100110001100111010110101
01011101001110111001101011001000
00110010111010100001111101110111
00001000110100000001001011110101
11001111000010111111110110011011
00000100010011011101010001111111
11010010111010001000101101010101
00001011000010000011010011110111
01101110111100000011100101100001
00011100010101110010101110111111
10111101011111001000001001000100
11111001100101110101011111110111
11111010110010100011101001010000
11111010111111111111111011001100
10101101011111111110011100010101
00101010101000100111011101100110
11101011011001011111101001011101
11101100100010001100101010101110
00111000011001101100000101010000
00101010001001001110010001110111
00111011001110111001000111010101
00000001010011101101010110010000
10100010101100110000101011011111
00100110010001010001010010011001
00111000001111011011001000110110
10011000010000001000100001011001
11110101111010011010110000011010
00010101001101000101001000110100
10010010011000001010110100000010
00100011001111011101000101101010
10111100110111100100100010010011
01100101010000001011110000000100
00101000110001110111111110100100
11111111000101101011101111000100
01001010100001000001001110001000
00111000001111010100000111001001
00001111000100100011101001011010
11111111010000011111011010001001
01011001000110001110011001010011
01011111100001100111011000001001
10111001101110100101010000001000
01110011110000001100010101100100
10011110010101010001001101001010
00101100010000100101011101000000
10011000111100010001111000100001
00001010000011101101101111101001
01011001111111100011010100111010
01110000000011010011111010011011
11111011010010110010010000111111
00011101111111100101100100111011
10000010011011011110001000010110
10101010011001110111100100000001
01101111011010101001011000000110
10100010001000010010111010001101
01010101111010100000001000101101
11010000001000011011110001110010
10101011111110001000111010011100
01110011100001001110100001110011
01000011110010111101101110101110
10011001100010111000101101110100
11011000100101110100011100011100
01011110000111011111011011101011
01010010011001000100011011010110
11010011101011101111010110101111
10001111101010110000111110001001
10010000001001111101111100111111
01100010000101110010111011001111
11101000100100110111101011000110
01110111101000001001000011111001
11110011101100010111110000101110
10101111010001001101111111001010
11111110011101111011111101110000
00001101100001001100101101110001
10111101110100010110100111001010
10000001110010101011011010001101
11011011000000101001010001000000
11100101011000111101000111000010
11011011011100111001111111100010
11111011001110100110011111001110
10000010110100111111011010000110
00111011101110100100101000111000
00000000011110110000110111101001
00101001111111101100100010000110
01011011000111000010011001010000
00110010110110100011110000011000
00101110001110001100011000101000
00100000111100010110101000101101
10100000110000111110101110011110
11000101110000011000101110111100
01110111010100110111010111000111
01110100111110011101111001101010
10100100101010010100110001001001
11110100011010101101100011111111
00111000100011001101011101011100
10110100111001100010100001011001
01010111000011010111011010100001
01111100011101000001100000100100
01010011010001001011111000101010
00010100100110111010101001110100
11001010100010111100010011101111
11101100000101101000011000001100
00111010110100100011000101111101
01011100011100000100110111111011
11110011001111010111110110111000
10000010001001001111011111000000
11011101111001111000110001000001
11101010100010101011111010100100
00001010101000111000100100100100
10101101100001111010000000001001
10000111110011101001000101110001
11110110001011110011010111111001
00000000000100001110001000111000
00110001110000010011100001001110
01000000100111001110010100011100
01110011010001000000011001011110
01010011111101101000001110001110
01111100100101101011111111100010
01101011010101101000111101001000
11110101010010001010000101100100
00010100000111111101000100110001
11001101111001000110101110010111
10000100000100111111000001011111
10101010110101111100000100100101
01110101111011011110110110101110
10011000000110101010011100010111
00111111101001011101010110111100
10101011110011111001101001001101
11100001100100001010111110100111
10110010100100000101110011011101
00111011010011010010010101001001
01011111111101110001101111111110
10001111100101111111110101111111
00101100011101000101000011101111
01000011011001111100011001000000
10011001110000001011110000111110
10100011000110101011100011011101
10011001101001000111111001110111
10010111110011011010010000100111
11001011110000101010100110110100
01011110011011111100111001000011
11011110101001110110011010010011
11000111111010010110100101001010
11001110111000111010100000101110
11100000101000111010100110111000
01010110000010011101111110000010
11000010100011101111000111011111
10101100000011101001010010100110
00100001011001111111110111101010
01110101000101111110011101001111
11110000111011000111001100111001
00011011011010111111101111001101
01011111011100101101010010100010
10011111101000000000001110000011
00110010110011111100111001101000
10111101100100011000001111001001
10111100110000011001100110101110
10010101000010011110100001011010
00110101010000101111010100111000
11011000000000011001011110111111
10010010101100000001001010011011
00010100110110000110110001101011
10110110001011011010101100001100
00011010100011101111111110010000
10011110010000110111011110011111
11111011101001100010011101011010
01100100000010010101111100010101
11011100101110101000000011101001
10011001111100111011001111010100
11101100011101110101100000001100
10000110101111110111110010101000
11100010110101100001010011010111
11011010010000011110011101101010
01101101101111100101110011101111
00110100001111110001011000011010
11011100000001101111010000100001
10001110110111100001011010100110
01011111111100010010111011001101
01000100001111000011101010000110
10000010000000111111010101111101
10000110100000001011101111101010
00101111001100010100100110101011
00010110110100001010001001101111
11110010010010011011011101111101
00100100100100010110011100111111
11010001100101101001101010101110
00110111111101010100010111011010
00001101101001001010101000100000
01111111110101110101001110000111
10100110101001000011001110010001
11111010001101100011111000000101
10011110001110100001110011110100
01000110001011001011011111000111
00100001011010000101011101101000
01001010000010000001000101111100
01010111000100101011011100000000
00010110011001111011001011100110
00010011000110010110010100010010
11100101101100111011111101100000
00000110011100001101011100100100
10110110111111111111010101111011
10110011001111101101111001000011
00000010101000011100010000111010
11000011100100011111110011011001
01000011011011110100111110101100
01111110000100111101001101111010
00001110011110100111001110100010
11000110111010001110010110011011
01011100110110010001101000010011
10110010111111111000000001110010
11110110111001111101111010110010
11101101100100011111001001011000
01010000100000011101011010000101
01010111011110111011010100000010
11010010001010111010000000001010
01100110000101100011110011011010
10001000000110101010101100110111
00110011010101110111111100000110
10000101000011000110001000001101
01100100001111110100000110110000
11011100110000111010101011010111
01101010011000111100100100110000
11011000010010001111111010010001
10011010111100111010111000110110
11111011100111111011000111000101
01110110101100101010110010111111
00101011100001101110111011011110
11100101011001011110001111011001
01101010101001111111110100010100
11111101100011100100001110011001
00110110110001110101111000100110
01101011011011010011111001000111
10100001000001100011011101010111
00110010100000101101001111011000
01001111110011101111110101011001
01001011011010011011010111110001
10001101000011000111110100100110
11100101011101000110100101101101
11001011110010010010000101000000
11100010000101001001000100110101
01001000111100000011001111110010
01011111001011010000011111010001
10100110111111101101101101100010
00101100100011010001011101011100
11000110100101011001111001000111
01001100011001101101011100110001
01000110010011101001101111111100
00111100010111011111110110111101
00011010111101000101010100011000
11010110010011001001011100110010
00111001011100101011100111110101
00111101000010010100011101111101
01001011001101110000111100000001
10001011100011010001110000010001
00110111001101101001111110000010
00001110101100011110010001110011
01101000011001110101100001000011
00101011011110100101010001110111
00101011011001010110011010010010
00000100101111001001000110111011
11001110100111100011000100110000
10000000001101000101000000011001
10001001001001001000010111100100
11100100100111000011010110000000
10110111111011111111101000001111
10001110110001101011001110001101
00101101011001001000010011101101
01110111101000010101001100110110
10101011011110010010101000001101
01101000110001101001001011001000
00101111000110000101000001011101
10101100001000011101010101100100
01110110010010001110001111000110
01111110011110101100000000000001
00101000100100000111111010111000
01110100010000001100100100101011
11001111000111110101000100101000
11011110001001101000000000011000
01011001111001100011001110111011
00000010001101000101100111101110
00011101110000001010101000110101
11111011101100110101000000100111
11000001101010010000100001010000
00001001001010101100000110011010
00101111011100111010010010110000
01110110100111000000100010011111
11000001011010100100010110101000
01110001100100101111001010001100
01111110010011100010111110010101
10001111011110000110101001011010
01000010011100010000100101111000
10100000110010001010101100011110
11101011001101101110011110001001
01011001001000001001011010000100
10001100001101101110101001110010
00010001000001100001001011011101
10111001011000011100101000110111
01100100000011011010110110000111
10101100000101110110101010010101
11101110000011000101000011011011
00001010110011001101111000011110
11111001001101001110001011110001
10100010111010111000111010110101
10011000111100110111100011100001
10000101001111010000011110111111
00100000111000001111100111000111
01101110100000001110100010001100
00111010010111110110000010111110
10111100101001000100011000001100
11001000101010011110110001101101
10001110011000101010111111111000
11011110100010100100010111000101
00111111011111101100100011101001
11000001110101101000011000110110
01100101011000101001011101011010
11000110110010000001110101100100
00111010001101011001010100011111
10100110110110101010001100101000
01111110001110101010001001110001
00101001100010100100101100101100
00100010010110101001000000010000
10010011110110001001101101001101
11110001000110001101000010001110
01010000101110010101010101011000
01001010100100011111101101110110
01111111100101101010101110110111
11011110100101111011000101011100
01000101101111111000011001010000
01011111101111101000101010001011
00000101100001000000100111100100
00000100011110011111110110001010
11111110001111011001001010100101
00110110011001001101000001000000
00011111101000111011011101110101
10110011111011110001000010101010
00101011111110000010011010001001
01111100011010000110100001100111
01010111101110000101110010111011
00001111101110100101000011001100
11000001110010001000110011000111
10000000000110111010000100100000
01011000100111111110101100010011
10111010101000100000101000010001
01011010011000111010001100100100
11100111011100001000000010011001
01110011111000000000110011111000
11110111001011001110101111100111
10100111100101001101110001111001
10011010011001111100110010111111
10101101010100101010010111110100
11000100100110000111101000010011
00110001001011101100101010011100
00001001010100010101111100101011
11011010000100110001110010101100
10010111101101001110001110011101
00010010110000101101101110111001
00010000000111011110100010011100
01011101101011010010111101001000
10001010110110011111111010101000
10111001010000101010101110100001
10011011011110010101101110100111
01000011011001000111010001001011
01000101001101011101010110011001
01101111101101000100110001011100
00100101100001100110001001000010
01100001101100101111001010001010
01111000111000110011010111010011
10010110100111010001100011011110
11101111111100000111110100110010
01010000110010011110111000111011
10001001110100101011110000111101
10000110110000100110011101001111
01011001010100000110000011011000
00100111101101001111100010000000
00100100010001001111001000110001
01011001010100000110000001011010
11010111100010111101010010100101
10010010001001000100111001111110
01100001010110010011100110110010
10111000011000100001000100100111
00011100101101110110001100111110
01001001110100010001100010100001
11101100110101001010001100111110
01110011111011010111101101111010
00011101100011110111010111110110
11000010111101101111010000101111
01000001110011101000101011110111
11110000011111111111011011110001
10000110101100110101010110101000
00110111001010000110010110100111
11101100101100101010010100110000
10011010010111000000101011100101
01110100110101000011101111011101
11101101011011000100111101110000
00010000101001101000111011100101
10111001111000110110001000011101
11000000010010001111101111011101
10010110001011111000010110000100
00000001100010101011000101010000
00000111010111111101000001010001
11010111001010100000100100110110
01010101000101101110110111010100
00101110000100110001000111110010
10000100100011001010010000101010
00101111001101100000010110101000
01101100000011111100100001010101
11111000011001111001010010110001
10010011110111111001001110001101
11110011110101111000101011011111
01110100001101111011111111001100
01101010100110100000101100101000
11011010100110011100010010010011
11010110011100011001000101011010
00111111001111001101101000110100
10010011101001100011100000101100
10000000100010011100011011001001
00000010010100100010010011101110
00101010100101110000111010000011
10110111010001011100000010110000
10011110000000010010010010101101
00001100010101100001001101001111
11111100100001101011001101110111
11111001101111110000001111011001
10010000001111001001101101011100
11011000000100101000110101100110
10111111101000101100001000111010
01000100001100010000100101111100
10000010011101001100101001101110
01111111010101011011101100010101
00001010100101110001110100000101
00111001100010010000111100000001
00111100011101010010000110001001
00011111000011100100101001101110
11010111100111011100000101101100
10111101011101100101010100111010
01101000111101111000110110010101
11010101101100011000000000101011
00110110100011011111001001000110
00110011011000000110110101001011
11001011101011000011000110000000
00001010000001011100101110100100
01110111110000111001100100100010
00111000100010001111100111010110
01110000110001011010110111100101
01101001111001100111111011110101
01011001001100011111100111101001
00011010101001011111001100010111
00110111111100110011111100101000
01111000110001011001001011101110
00110101000010100001110111111100
01110010111000011110101100100111
11110111000111101011000010000011
11001111000110100111011110111000
10110111001111111011111100110011
10011111001001000111010010110010
11110111011001011001101110110111
10100000111011011101011001110110
00100100000111010100000111101110
00011011110001001101001110001001
10111110010101101101010000010010
11111011001010100010011101011111
01011010000001000000000110001100
00100001101110000101110011000001
10000100000111001011101000000000
11110010101000101110101101011001
11011011001100100000010101111111
10011000101100000101000010110101
11101011111111111100011000011001
11010000000000011110111011000101
11101011001100000111111100100100
00111100110100101111010111101100
11000101100111110000001010110101
00110001000000010101101101011110
10000000101100010110010111001011
01101000101101110110111101111011
10101111111111001001001101001010
01101110110111011011100011100110
10010000010100100100110001111111
00110011110101111001100110011110
11100010011110100010001010010000
10011100010010100111100100101100
10110111000110111001001110010001
11101001111111010110010011011001
11111110110010000001010001000101
01111001111101011000110010001001
11111011100101011111011110101011
01000101000011011010001000010000
00111100011110100000001001010000
11110100111110000110111011101111
00010000110010101111001110111000
10100100110010010101110001011101
01101100000000111001000111110111
11101100010001100110110110010100
00000011000011011011001001110101
01111100111101101111110101111010
10110001011000101011100010011101
01001000111010110011000011000011
10011110000111001100001111011101
01110000100111011001111110110101
00000101100110011100111000110101
01110101010100001010110110110000
00010010010000011001100100100011
01110001101101101010010000110001
01010111010010000011100100110000
00010011111101010111000010010111
11100000111011100111010010001010
10100001111001110110110110000010
01101011100011101001111100000111
01101001000010000000011110010100
10011000000110110110101011010000
00100001111100110011010001001100
11101010110101100010011011110011
10001010111000110010000111101001
10000001011110101000111110010111
11000101100001011110000001100001
00011101001100100000100100111100
11101101111110011110110101010101
00000110001011011001100101100010
00010110101111011100111111000001
00000111001011011001101100001011
10010011001110101000111100111101
10101111010001001110100111100101
01000001001111110111100011000001
11011010011001010111001001000110
10100111000101011001000000110010
10111001101100111000010010000111
10000001111001110000000110111010
10001101111110001010110001110011
10100110011111001000100011101001
10101101011010001001011001000000
01001011101001101110110011011011
10111011101111010011000101100011
10100001011001000001100101010101
10000110011011111010000100000010
10110101010111110101010101111101
01100001101001010001111000100111
01001011111111011011000011011000
00010111001000110001010001000010
10010111010000011010100010110111
01001100111110001011111001100100
00001101001001000000011110001000
10001111110100101011110001010101
11110000011111001001111111011110
11010011111000011111100000101010
10001100100110010010101100100010
00110111111001101010110000011110
01011011011111110011101110010011
10011010000001111010100000110111
11000010111100010101110010101110
00100001001100010000001000101111
11101011001110100110010011011000
01011110000000110011100110011010
10100101000110011010001011001001
11111101100100101001101100111101
11000000101000011001000001100000
10111011110100110100011011101101
10010011110100110001011001100001
10010111010000010100111001000010
01101101111010001101011100000011
01101111011010111001101001000010
01101101001000101010111111001010
00001010111100110101100010110010
01101001111011101110011010101111
01000101010010111101111010001111
11011011101000001001110110111010
01101011110011011100110110111100
01000100000100111000101011111010
10011010011110100100001011111110
10111101100110000111011010101101
00111000100000000000001000000011
10000011110111111101110110101011
11110100100100110100100100000010
00111100000110101100001101101000
00100101011011110101000001011000
00000011001000001010101000100000
10110011110100000101000011110011
10100011110010011010001011101000
10010110001000111010001000101001
11011011100100001101101010001000
01000100001111010001111010100010
01101101010001010001100100101101
01011010111011010011001110011100
00101100111100011101110111000000
00100010100101100101001010111111
11000001101110011100100110100111
01010011101110100100111100001101
10000101111000011100011000011001
10100100111111100100001111110101
00010000111000110000110000010111
00010001010100010111001100000110
00011001100010001000110100000101
01101110000011000100100111000100
10100011001111011110000000011111
11010100101111100001110101110111
11101110110011011101101001100110
11010111001110001011111011110101
11101111001101101101000100101011
10011100000111101000110001011010
01001010100110000111111001100001
11100011010000111111110101101010
01110100101011101000001110101110
00110110110110011000010011111111
10000100011011111100101101001100
00011011110011010011100000111110
10111100101001001111110111010100
10101011011101001111101100100101
00000101000111001101000111111000
01011011000100110010100101110111
00011011010110011101011010011101
10010000100100100011010010110001
11011100100000110000000010001001
01010111100010100111011100010110
10110100101011001011011000100010
10001110111111011111110001011000
01010011011111001111100100110100
10100100001110011001111101000010
10011101100001110000011111000100
01011111010111100101010111100000
01010111000110001100001001110101
11110101101101100110001001100100
01011001000001001110010011110001
00101010100000001011100100000110
10001100110100001001000110011110
01001110110100100111111110110000
01010010011000001010010110000000
11001011001011001101010011101100
00110000111111001101101101001110
11101110001000001100100000111110
01001000000001111001110110011100
00111101111100110011100001000001
11010111000100000000110101110101
00111111110111101110010101010101
00000011001100100111001111111011
00101001100000010110000001110110
10010110010101100100011001001101
01101010011101101011110000100110
10101110011111001111111000001111
11010110110000110011001011000101
11111110101100111101101110111010
01000111111110111011101001000110
10110000110011101100001110100110
10001001001100000110010001001000
10100000001101000101111100010000
01111101111011100001001100110110
10110011010101111001001000110111
00011100000001110110000101000111
00011110100110111001001100111011
01011011100110110100010011011100
11000011101110010100010101010111
00001110100011110101010110101110
00001101100110000010000111011000
11110011000011001111111110000010
00110010111011001101111011110110
00010101000011000000000111001010
11100010010101110001000011101001
10101010000001111111001010000100
01001011101000110111110010000100
11100011111011101000010010010001
10110110001100100101001101001100
00000110110010011101001100111101
10111001010010110100001100010101
11010111000010111110111101010011
10100111000101010100000111011110
11101011101011011101000100101010
11000110111100101110010001110111
00001000100101001000000101011011
11100010101000100101011101000111
11000011000010010001000100100001
01110101010011100111100111010001
01111010011111010000110010111101
01010001100111010011011001111110
10011010011111000010100001001110
00101000010101011001100011110000
00111011101001100000011110100110
10111100011111000101001110101110
00100110111110001111001010001000
01000110110000010100100110001011
10010100100010001000001001101001
00111111010101001000111110011101
11110111111011000101100001000001
11100101110001111101000001001000
10101110011011011111010011101101
00111111101001100110011011101001
10110101010101111110010101110011
00110011011010100101110000100000
10000110101010111110011011000100
10111010101011101001001010010010
10110101100110111010000011101100
00111111000001111100101001101010
01010100111000010111110010110011
11101111100010110110000001001100
10101001000110111100000000011100
11011011100010101111011101011100
10101011111010001000110100000011
00111001111011001100000110011000
00010001100101000101101010111010
11000110101010000101000000101101
11111001010000011001001011000101
10001001100011100001010100110111
00101100011110111111100111111000
11010011101110101010001011100110
10111101101011001111000101101001
10010101011111011110011100110000
10001000111000111001000101001111
00000110100110000010100001011110
00111110101011001011100100000011
10110101111101101001101010101011
01111111111011010000001111011011
00110000011111101011101001011111
01101101100001111100000110011100
11110110011101100010000111111100
01001101011011110001011111010100
01010111011111011011001111011101
11010101110110110000111001010011
01111110101110100101111000011010
11111000001011101111011101000010
10111100000010011010001001100101
11011111001010000111011001101001
00101010101110110001011010110000
10011001001010010000101010010101
11100001001011000111100100001001
01111010001110111111000111001000
11010100110001100000001100101101
10010011101011100010011011110110
00100011010001001011110101001111
00100100000001111011110111001110
01011100101101111010111101101101
00011010011100010111001110111100
11111000001010100100001010001001
00000100011110010001100000111000
10100110010100100101111000100110
11111001100111100001110111101000
11110010111111100101010101000010
10011111011010111111011000001001
00101101010100000110100110111110
00101001101100110110000001110010
00111111111001101101011000011010
00000110101100100100000000010110
11010000011011111101110110111100
11000011010100011110011011001000
11010110110011111001001110000001
11010000101000001101100011010101
11011000001001110100010110110101
10101000000001110010000001010001
10010001101010011011101110000010
00111110110111100010011101110011
01101101001000010001000000000100
10000100010101101010011011001010
10111110101000110011001001100110
11001111001000101011110101111010
01011110111010000011001101110001
01001110101010000000110100001110
00110000011001111001000100100111
00111011100101101011111001000010
10000000101010110011111111100101
10000010000101010001110111100001
10001000101001010100100110011100
10101101111011110111110011101010
00101010110011111010011101000010
10110001010000111000100111111101
11101000110111010011001111010100
10001101001111001001010001001100
00010100101000100011101010111110
